1.000000000000000000e+00,-1.181505640000000028e+02,3.415778499999999696e+01,2.000000000000000000e+00,-1.181415089999999992e+02,3.415782399999999797e+01,2.000000000000000000e+03,5.180099999999999705e-01,1.379999999999999893e+00,0.000000000000000000e+00,0.000000000000000000e+00
1.000000000000000000e+00,-1.181505640000000028e+02,3.415778499999999696e+01,7.000000000000000000e+00,-1.181505190000000027e+02,3.415156700000000001e+01,2.000000000000000000e+03,4.298699999999999743e-01,1.149999999999999911e+00,0.000000000000000000e+00,0.000000000000000000e+00
2.000000000000000000e+00,-1.181415089999999992e+02,3.415782399999999797e+01,3.000000000000000000e+00,-1.181324400000000026e+02,3.415776799999999724e+01,2.000000000000000000e+03,5.188199999999999479e-01,1.379999999999999893e+00,0.000000000000000000e+00,0.000000000000000000e+00
2.000000000000000000e+00,-1.181415089999999992e+02,3.415782399999999797e+01,8.000000000000000000e+00,-1.181414469999999994e+02,3.415165999999999968e+01,2.000000000000000000e+03,4.261499999999999733e-01,1.139999999999999902e+00,0.000000000000000000e+00,0.000000000000000000e+00
3.000000000000000000e+00,-1.181324400000000026e+02,3.415776799999999724e+01,4.000000000000000000e+00,-1.181214509999999933e+02,3.415781199999999984e+01,2.000000000000000000e+03,6.286500000000000421e-01,1.679999999999999938e+00,0.000000000000000000e+00,0.000000000000000000e+00
3.000000000000000000e+00,-1.181324400000000026e+02,3.415776799999999724e+01,9.000000000000000000e+00,-1.181323830000000044e+02,3.415164399999999745e+01,2.000000000000000000e+03,4.233799999999999786e-01,1.129999999999999893e+00,0.000000000000000000e+00,0.000000000000000000e+00
4.000000000000000000e+00,-1.181214509999999933e+02,3.415781199999999984e+01,5.000000000000000000e+00,-1.181131869999999964e+02,3.415788500000000028e+01,2.000000000000000000e+03,4.727799999999999780e-01,1.260000000000000009e+00,0.000000000000000000e+00,0.000000000000000000e+00
4.000000000000000000e+00,-1.181214509999999933e+02,3.415781199999999984e+01,1.000000000000000000e+01,-1.181213829999999945e+02,3.415210900000000294e+01,2.000000000000000000e+03,3.942800000000000193e-01,1.050000000000000044e+00,0.000000000000000000e+00,0.000000000000000000e+00
5.000000000000000000e+00,-1.181131869999999964e+02,3.415788500000000028e+01,6.000000000000000000e+00,-1.180984629999999953e+02,3.415828599999999682e+01,2.000000000000000000e+03,8.427700000000000191e-01,2.250000000000000000e+00,0.000000000000000000e+00,0.000000000000000000e+00
5.000000000000000000e+00,-1.181131869999999964e+02,3.415788500000000028e+01,1.100000000000000000e+01,-1.181131709999999941e+02,3.415223999999999904e+01,2.000000000000000000e+03,3.902499999999999858e-01,1.040000000000000036e+00,0.000000000000000000e+00,0.000000000000000000e+00
6.000000000000000000e+00,-1.180984629999999953e+02,3.415828599999999682e+01,1.200000000000000000e+01,-1.180985139999999944e+02,3.415236399999999861e+01,2.000000000000000000e+03,4.094099999999999961e-01,1.090000000000000080e+00,0.000000000000000000e+00,0.000000000000000000e+00
7.000000000000000000e+00,-1.181505190000000027e+02,3.415156700000000001e+01,1.000000000000000000e+00,-1.181505640000000028e+02,3.415778499999999696e+01,2.000000000000000000e+03,4.298699999999999743e-01,1.149999999999999911e+00,0.000000000000000000e+00,0.000000000000000000e+00
7.000000000000000000e+00,-1.181505190000000027e+02,3.415156700000000001e+01,8.000000000000000000e+00,-1.181414469999999994e+02,3.415165999999999968e+01,1.000000000000000000e+04,5.190599999999999659e-01,4.799999999999999822e-01,1.000000000000000000e+04,9.717486429996264633e+03
7.000000000000000000e+00,-1.181505190000000027e+02,3.415156700000000001e+01,1.300000000000000000e+01,-1.181505240000000043e+02,3.414962299999999829e+01,2.000000000000000000e+03,1.343900000000000095e-01,3.599999999999999867e-01,0.000000000000000000e+00,2.825135700037351398e+02
8.000000000000000000e+00,-1.181414469999999994e+02,3.415165999999999968e+01,2.000000000000000000e+00,-1.181415089999999992e+02,3.415782399999999797e+01,2.000000000000000000e+03,4.261499999999999733e-01,1.139999999999999902e+00,0.000000000000000000e+00,0.000000000000000000e+00
8.000000000000000000e+00,-1.181414469999999994e+02,3.415165999999999968e+01,9.000000000000000000e+00,-1.181323830000000044e+02,3.415164399999999745e+01,1.000000000000000000e+04,5.185600000000000209e-01,4.799999999999999822e-01,1.000000000000000000e+04,9.581982183750129479e+03
8.000000000000000000e+00,-1.181414469999999994e+02,3.415165999999999968e+01,1.400000000000000000e+01,-1.181414639999999991e+02,3.414953100000000319e+01,2.000000000000000000e+03,1.471899999999999875e-01,3.900000000000000133e-01,0.000000000000000000e+00,1.355042462461353239e+02
9.000000000000000000e+00,-1.181323830000000044e+02,3.415164399999999745e+01,3.000000000000000000e+00,-1.181324400000000026e+02,3.415776799999999724e+01,2.000000000000000000e+03,4.233799999999999786e-01,1.129999999999999893e+00,0.000000000000000000e+00,0.000000000000000000e+00
9.000000000000000000e+00,-1.181323830000000044e+02,3.415164399999999745e+01,1.000000000000000000e+01,-1.181213829999999945e+02,3.415210900000000294e+01,1.000000000000000000e+04,6.301400000000000334e-01,5.799999999999999600e-01,1.000000000000000000e+04,9.581982183750129479e+03
9.000000000000000000e+00,-1.181323830000000044e+02,3.415164399999999745e+01,1.500000000000000000e+01,-1.181324149999999946e+02,3.414958000000000027e+01,2.000000000000000000e+03,1.426999999999999935e-01,3.800000000000000044e-01,0.000000000000000000e+00,0.000000000000000000e+00
1.000000000000000000e+01,-1.181213829999999945e+02,3.415210900000000294e+01,4.000000000000000000e+00,-1.181214509999999933e+02,3.415781199999999984e+01,2.000000000000000000e+03,3.942800000000000193e-01,1.050000000000000044e+00,0.000000000000000000e+00,0.000000000000000000e+00
1.000000000000000000e+01,-1.181213829999999945e+02,3.415210900000000294e+01,1.100000000000000000e+01,-1.181131709999999941e+02,3.415223999999999904e+01,1.000000000000000000e+04,4.698999999999999844e-01,4.299999999999999933e-01,1.000000000000000000e+04,9.581982183750129479e+03
1.000000000000000000e+01,-1.181213829999999945e+02,3.415210900000000294e+01,1.600000000000000000e+01,-1.181213719999999938e+02,3.414952100000000002e+01,2.000000000000000000e+03,1.789199999999999957e-01,4.799999999999999822e-01,0.000000000000000000e+00,0.000000000000000000e+00
1.100000000000000000e+01,-1.181131709999999941e+02,3.415223999999999904e+01,5.000000000000000000e+00,-1.181131869999999964e+02,3.415788500000000028e+01,2.000000000000000000e+03,3.902499999999999858e-01,1.040000000000000036e+00,0.000000000000000000e+00,0.000000000000000000e+00
1.100000000000000000e+01,-1.181131709999999941e+02,3.415223999999999904e+01,1.200000000000000000e+01,-1.180985139999999944e+02,3.415236399999999861e+01,1.000000000000000000e+04,8.385799999999999921e-01,7.700000000000000178e-01,1.000000000000000000e+04,9.581982183750129479e+03
1.100000000000000000e+01,-1.181131709999999941e+02,3.415223999999999904e+01,1.700000000000000000e+01,-1.181131900000000030e+02,3.414954800000000290e+01,2.000000000000000000e+03,1.861099999999999977e-01,5.000000000000000000e-01,0.000000000000000000e+00,0.000000000000000000e+00
1.200000000000000000e+01,-1.180985139999999944e+02,3.415236399999999861e+01,6.000000000000000000e+00,-1.180984629999999953e+02,3.415828599999999682e+01,2.000000000000000000e+03,4.094099999999999961e-01,1.090000000000000080e+00,0.000000000000000000e+00,0.000000000000000000e+00
1.200000000000000000e+01,-1.180985139999999944e+02,3.415236399999999861e+01,1.800000000000000000e+01,-1.180986110000000053e+02,3.414980400000000316e+01,2.000000000000000000e+03,1.770700000000000052e-01,4.699999999999999734e-01,0.000000000000000000e+00,0.000000000000000000e+00
1.300000000000000000e+01,-1.181505240000000043e+02,3.414962299999999829e+01,7.000000000000000000e+00,-1.181505190000000027e+02,3.415156700000000001e+01,2.000000000000000000e+03,1.343900000000000095e-01,3.599999999999999867e-01,0.000000000000000000e+00,0.000000000000000000e+00
1.300000000000000000e+01,-1.181505240000000043e+02,3.414962299999999829e+01,1.400000000000000000e+01,-1.181414639999999991e+02,3.414953100000000319e+01,2.000000000000000000e+03,5.183799999999999519e-01,1.379999999999999893e+00,0.000000000000000000e+00,2.825135700037351398e+02
1.400000000000000000e+01,-1.181414639999999991e+02,3.414953100000000319e+01,8.000000000000000000e+00,-1.181414469999999994e+02,3.415165999999999968e+01,2.000000000000000000e+03,1.471899999999999875e-01,3.900000000000000133e-01,0.000000000000000000e+00,0.000000000000000000e+00
1.400000000000000000e+01,-1.181414639999999991e+02,3.414953100000000319e+01,1.500000000000000000e+01,-1.181324149999999946e+02,3.414958000000000027e+01,2.000000000000000000e+03,5.177300000000000235e-01,1.379999999999999893e+00,0.000000000000000000e+00,4.180178162498702363e+02
1.500000000000000000e+01,-1.181324149999999946e+02,3.414958000000000027e+01,9.000000000000000000e+00,-1.181323830000000044e+02,3.415164399999999745e+01,2.000000000000000000e+03,1.426999999999999935e-01,3.800000000000000044e-01,0.000000000000000000e+00,0.000000000000000000e+00
1.500000000000000000e+01,-1.181324149999999946e+02,3.414958000000000027e+01,1.600000000000000000e+01,-1.181213719999999938e+02,3.414952100000000002e+01,2.000000000000000000e+03,6.318099999999999827e-01,1.679999999999999938e+00,0.000000000000000000e+00,4.180178162498702363e+02
1.600000000000000000e+01,-1.181213719999999938e+02,3.414952100000000002e+01,1.000000000000000000e+01,-1.181213829999999945e+02,3.415210900000000294e+01,2.000000000000000000e+03,1.789199999999999957e-01,4.799999999999999822e-01,0.000000000000000000e+00,0.000000000000000000e+00
1.600000000000000000e+01,-1.181213719999999938e+02,3.414952100000000002e+01,1.700000000000000000e+01,-1.181131900000000030e+02,3.414954800000000290e+01,2.000000000000000000e+03,4.681199999999999806e-01,1.250000000000000000e+00,0.000000000000000000e+00,4.180178162498702363e+02
1.700000000000000000e+01,-1.181131900000000030e+02,3.414954800000000290e+01,1.100000000000000000e+01,-1.181131709999999941e+02,3.415223999999999904e+01,2.000000000000000000e+03,1.861099999999999977e-01,5.000000000000000000e-01,0.000000000000000000e+00,0.000000000000000000e+00
1.700000000000000000e+01,-1.181131900000000030e+02,3.414954800000000290e+01,1.800000000000000000e+01,-1.180986110000000053e+02,3.414980400000000316e+01,2.000000000000000000e+03,8.342899999999999761e-01,2.220000000000000195e+00,0.000000000000000000e+00,4.180178162498702363e+02
1.800000000000000000e+01,-1.180986110000000053e+02,3.414980400000000316e+01,1.200000000000000000e+01,-1.180985139999999944e+02,3.415236399999999861e+01,2.000000000000000000e+03,1.770700000000000052e-01,4.699999999999999734e-01,0.000000000000000000e+00,4.180178162498702363e+02
1.200000000000000000e+01,-1.180985139999999944e+02,3.415236399999999861e+01,2.000000000000000000e+01,-1.180942589999999939e+02,3.415234000000000236e+01,1.000000000000000000e+04,2.434399999999999897e-01,2.200000000000000011e-01,1.000000000000000000e+04,1.000000000000000000e+04
1.900000000000000000e+01,-1.181555689999999998e+02,3.414964700000000164e+01,7.000000000000000000e+00,-1.181505190000000027e+02,3.415156700000000001e+01,1.000000000000000000e+04,3.179500000000000104e-01,2.899999999999999800e-01,1.000000000000000000e+04,1.000000000000000000e+04
